43.667163121
43.667170775
43.667170775
43.667183394
43.667189904
43.667183796
43.667183796
43.667183796
43.66718494
43.66718494
43.66718494
43.667197559
43.667204069
43.667215544
43.667215544
43.667215544
43.667215544
43.667220508
43.667220508
43.667220508
43.667219364
43.667211709
43.667211709
43.667217818
43.667217818
43.667217818
43.667217818
43.667217818
43.667217818
43.667218962
43.667218962
43.667212853
43.667213998
43.667209033
43.667209033
43.667210178
43.667205213
43.66720676
43.66720676
43.667200652
43.667208306
43.667214817
43.667214817
43.667221327
43.667213673
43.667213673
43.667213673
43.667212528
43.667217493
43.667228565
43.667228565
43.667234673
43.667245745
43.667250709
43.667250709
43.667250307
43.667250307
43.667256415
43.667256415
43.667249905
43.667256013
43.667260977
43.667260977
43.667273596
43.667279704
43.667286214
43.667286214
43.667292323
43.667292323
43.667306085
43.667306085
43.667306085
43.667312596
43.66731374
43.66731374
43.667308776
43.667303812
43.667297704
43.667297704
43.667291595
43.667292739
43.66729925
43.66729925
43.66729925
43.667311869
43.667325631
43.667325631
43.66733825
43.667350869
43.667364631
43.667364631
43.667364631
43.66737725
43.667378394
43.667378394
43.66737725
43.667364631
43.667364631
43.667364631
43.667356977
43.667356977
43.667349322
43.667349322
43.667341668
43.667327503
43.667325956
43.667325956
43.667318302
43.667304137
43.66730259
43.66730259
43.667294936
43.667294936
43.667294534
43.667294534
43.667289167
43.667294131
43.667288765
43.667288765
43.667288765
43.667296017
43.667302125
43.667302125
43.667308234
43.66732045
43.667318904
43.667318904
43.667318501
43.667322321
43.667326883
43.667326883
43.667325337
43.667330301
43.66732761
43.66732761
43.667327208
43.667332172
43.667324518
43.667324518
43.667329482
43.667328338
43.667333302
43.667333302
43.667339812
43.667338668
43.667345179
43.667345179
43.667345179
43.66733907
43.667345581
43.667345581
43.667353235
43.667347127
43.667345983
43.667345983
43.667345983
43.667338731
43.667331076
43.667331076
43.667329932
43.667322277
43.667321133
43.667321133
43.667321133
43.667319587
43.667318443
43.667318443
43.667316896
43.667316494
43.667308839
43.667308839
43.667308437
43.667314545
43.667308035
43.667308035
43.667308777
43.667308374
43.667307972
43.667307972
43.66730757
43.667307168
43.667305621
43.667305621
43.667299111
43.667305219
43.667305219
43.667305219
43.667311327
43.667312471
43.667307507
43.667307507
43.667309796
43.66731745
43.667311342
43.667311342
43.667312486
43.667312486
43.667311342
43.667311342
43.667310198
43.667310198
43.667310198
43.667310198
43.66730409
43.66730409
43.6673106
43.6673106
43.667304492
43.667311002
43.667312549
43.667312549
43.667306441
43.667307585
43.667301476
43.667301476
43.667301476
43.667294224
43.667300735
43.667300735
43.667301137
43.667306503
43.667306905
43.667306905
43.667307308
43.667307308
43.667314962
43.667314962
43.667308854
43.667315365
43.66731422
43.66731422
43.667320731
43.667321133
43.667328788
43.667328788
43.66732919
43.667329592
43.667329995
43.667329995
43.667335361
43.667335763
43.667335021
43.667335021
43.667327769
43.667327027
43.667325883
43.667325883
43.667318631
43.667318631
43.667311378
43.667311378
43.667311781
43.667305672
43.667305672
43.667305672
43.667312183
43.667312183
43.667311039
43.667311039
43.667304528
43.667304528
43.667310636
43.667310636
43.667311781
43.667312925
43.667314069
43.667314069
43.667321723
43.667329378
43.667337033
43.667337033
43.667338579
43.667347378
43.667342414
43.667342414
43.66733745
43.667336305
43.667336305
43.667336305
43.667342414
43.667335903
43.667343156
43.667343156
43.6673443
43.667351552
43.66735115
43.66735115
43.667357258
43.667350747
43.667355712
43.667355712
43.667349201
43.667355309
43.667348799
43.667348799
43.667343433
43.667348397
43.667341886
43.667341886
43.667347994
43.667347592
43.667342226
43.667342226
43.667342226
43.667342226
43.667342226
43.667342226
43.667341082
43.667341484
43.667334232
43.667334232
43.667334634
43.66734
43.667346511
43.667346511
43.667353021
43.667353423
43.667353826
43.667353826
43.667347717
43.667354228
43.66734812
43.66734812
43.66735463
43.667349666
43.667350068
43.667350068
43.667351615
43.667346651
43.667348197
43.667348197
43.667348197
43.667348599
43.667342491
43.667342491
43.667341347
43.667341347
43.667341347
43.667341347
43.667334836
43.667334836
43.667334836
43.667334836
43.667328326
43.667328326
43.667321816
43.667321816
43.667321413
43.667313759
43.667319867
43.667319867
43.667313356
43.667312954
43.667306444
43.667306444
43.667313696
43.667306783
43.667312892
43.667312892
43.667304835
43.667304432
43.667296376
43.667296376
43.667295973
43.667287916
43.66728637
43.66728637
43.667278313
43.667282875
43.667287839
43.667287839
43.667287437
43.667292401
43.667292401
43.667292401
43.667305019
43.667305019
43.667311128
43.667311128
43.667311128
43.667317236
43.667317236
43.667317236
43.667323344
43.667323344
43.667329452
43.667329452
43.667328308
43.667334416
43.667334416
43.667334416
43.667327906
43.667327906
43.667326762
43.667326762
43.667333272
43.667333272
43.667333272
43.667333272
43.667339783
43.667340185
43.667340185
43.667340185
43.667340587
43.66734099
43.667334881
43.667334881
43.667335284
43.667335284
43.667328031
43.667328031
43.667328031
43.667321923
43.667320779
43.667320779
43.667320779
43.667327289
43.667327289
43.667327289
43.667328433
43.667336088
43.667331124
43.667331124
43.667331124
43.667331124
43.667324614
43.667324614
43.667318103
43.667318103
43.667310448
43.667310448
43.667308902
43.667295881
43.667293191
43.667293191
43.667286278
43.667277077
43.667275128
43.667275128
43.667273582
43.667271633
43.667270086
43.667270086
43.667274648
43.667274246
43.6672727
43.6672727
43.667271555
43.667271153
43.667271153
43.667271153
43.667271153
43.667271153
43.667265045
43.667265045
43.667265045
43.667265447
43.667266994
43.667266994
43.667274648
43.667276195
43.667271231
43.667271231
43.667272777
43.667273921
43.667275468
43.667275468
43.667271648
43.667279302
43.667281993
43.667281993
43.667283539
43.667283942
43.667291596
43.667291596
43.667286632
43.667287034
43.66728207
43.66728207
43.667283617
43.667284761
43.667279797
43.667279797
43.667279797
43.667273689
43.667280199
43.667280199
43.667280199
43.66728671
43.667294364
43.667294364
43.667294364
43.667294766
43.667295911
43.667295911
43.667290947
43.667290947
43.667290947
43.667290947
43.667290947
43.667297457
43.667297457
43.667297457
43.667298601
43.667302344
43.667302344
43.667308854
43.667309998
43.667309998
43.667309998
43.667308854
43.667302344
43.667302344
43.667302344
43.667307308
43.667307308
43.667299653
43.667299653
43.667299653
43.667299653
43.667299653
43.667299653
43.667305761
43.667306905
43.66730805
43.66730805
43.667316848
43.667317993
43.667326049
43.667326049
43.667334848
43.667336395
43.667345596
43.667345596
43.667345998
43.667347544
43.66734258
43.66734258
43.66734258
43.667336472
43.667336472
43.667336472
43.667336472
43.667335328
43.667335328
43.667335328
43.667334184
43.667334184
43.667333781
43.667333781
43.667332637
43.667332235
43.667332235
43.667332235
43.667325724
43.667331833
43.667331833
43.667331833
43.667331833
43.667339085
43.667339085
43.667339085
43.667339085
43.667332575
43.667332575
43.667332575
43.667333719
43.667327208
43.667334461
43.667334461
43.667326806
43.667326404
43.667319893
43.667319893
43.667318347
43.667311836
43.667317945
43.667317945
43.667311434
43.667311032
43.667315996
43.667315996
43.667322104
43.667322104
43.667328212
43.667328212
43.667334723
43.667342377
43.66723701
43.667165118
43.667126523
43.66708446
43.66708446
43.667178511
43.667081399
43.667126505
43.667126505
43.667185778
43.667163235
43.667210241
43.667210241
43.667190724
43.667329492
43.667178124
43.667178124
43.667040498
43.667036309
43.667121559
43.667121559
43.667271028
43.667188454
43.667313848
43.667298136
43.667298136
43.6673031
43.667301956
43.667288193
43.667288193
43.667288193
43.667294704
43.667288596
43.667288596
43.66728974
start here
start here
start here
