-79.391097511
-79.391109698
-79.391109698
-79.391107415
-79.391107415
-79.391109698
-79.391109698
-79.391109698
-79.391121884
-79.391121884
-79.391121884
-79.391119602
-79.391119602
-79.391105132
-79.391105132
-79.391105132
-79.391105132
-79.391090663
-79.391090663
-79.391090663
-79.391078476
-79.39106629
-79.39106629
-79.391064007
-79.391064007
-79.391064007
-79.391064007
-79.391064007
-79.391064007
-79.391076194
-79.391076194
-79.391078476
-79.391090663
-79.391105132
-79.391105132
-79.391117319
-79.391131788
-79.391146257
-79.391146257
-79.39114854
-79.391160727
-79.391160727
-79.391160727
-79.391160727
-79.39114854
-79.39114854
-79.39114854
-79.391136353
-79.391121884
-79.391105132
-79.391105132
-79.39110285
-79.391086098
-79.391071629
-79.391071629
-79.391069346
-79.391069346
-79.391067063
-79.391067063
-79.391067063
-79.391064781
-79.391050311
-79.391050311
-79.391048029
-79.391045746
-79.391045746
-79.391045746
-79.391043463
-79.391043463
-79.391053367
-79.391053367
-79.391053367
-79.391053367
-79.391065554
-79.391065554
-79.391080023
-79.391094493
-79.391096775
-79.391096775
-79.391099058
-79.391111245
-79.391111245
-79.391111245
-79.391111245
-79.391108962
-79.391118866
-79.391118866
-79.391116583
-79.391114301
-79.391124205
-79.391124205
-79.391124205
-79.391121922
-79.391134109
-79.391134109
-79.391121922
-79.391124205
-79.391124205
-79.391124205
-79.391112018
-79.391112018
-79.391099831
-79.391099831
-79.391087645
-79.391075458
-79.391060989
-79.391060989
-79.391048802
-79.391036616
-79.391022146
-79.391022146
-79.39100996
-79.39100996
-79.391007677
-79.391007677
-79.391019864
-79.391005394
-79.391017581
-79.391017581
-79.391017581
-79.391027485
-79.391025202
-79.391025202
-79.39102292
-79.391018354
-79.391003885
-79.391003885
-79.391001602
-79.390974946
-79.390958194
-79.390958194
-79.390943725
-79.390929256
-79.3909026
-79.3909026
-79.390900317
-79.390885848
-79.390873661
-79.390873661
-79.390859191
-79.390847005
-79.390832535
-79.390832535
-79.390832535
-79.390820349
-79.390820349
-79.390820349
-79.390820349
-79.390822631
-79.390822631
-79.390822631
-79.390834818
-79.390837101
-79.390824914
-79.390824914
-79.390824914
-79.39081501
-79.390802823
-79.390802823
-79.390790637
-79.39077845
-79.390766263
-79.390766263
-79.390766263
-79.390751794
-79.390739607
-79.390739607
-79.390725138
-79.390722855
-79.390710669
-79.390710669
-79.390708386
-79.390706103
-79.390706103
-79.390706103
-79.390716007
-79.390713724
-79.390711442
-79.390711442
-79.390709159
-79.390706876
-79.390692407
-79.390692407
-79.390692407
-79.390690124
-79.390690124
-79.390690124
-79.390687841
-79.390700028
-79.390714497
-79.390714497
-79.390738871
-79.390751058
-79.39075334
-79.39075334
-79.390765527
-79.390765527
-79.39075334
-79.39075334
-79.390741154
-79.390741154
-79.390741154
-79.390741154
-79.390743436
-79.390743436
-79.390743436
-79.390743436
-79.390745719
-79.390745719
-79.390760188
-79.390760188
-79.390762471
-79.390774658
-79.39077694
-79.39077694
-79.39077694
-79.390767037
-79.390767037
-79.390767037
-79.390769319
-79.390757133
-79.390759415
-79.390759415
-79.390761698
-79.390761698
-79.390773885
-79.390773885
-79.390776167
-79.390776167
-79.390763981
-79.390763981
-79.390763981
-79.390766263
-79.39077845
-79.39077845
-79.390780733
-79.390783015
-79.390785298
-79.390785298
-79.390773111
-79.390775394
-79.39076549
-79.39076549
-79.390755586
-79.390745682
-79.390733496
-79.390733496
-79.390723592
-79.390723592
-79.390713688
-79.390713688
-79.390715971
-79.390718253
-79.390718253
-79.390718253
-79.390718253
-79.390718253
-79.390706067
-79.390706067
-79.390706067
-79.390706067
-79.390703784
-79.390703784
-79.390715971
-79.390728157
-79.390740344
-79.390740344
-79.39075253
-79.390764717
-79.390776904
-79.390776904
-79.390791373
-79.390815746
-79.390830216
-79.390830216
-79.390844685
-79.390832498
-79.390832498
-79.390832498
-79.390830216
-79.390830216
-79.39084012
-79.39084012
-79.390852306
-79.39086221
-79.390859928
-79.390859928
-79.390857645
-79.390857645
-79.390843176
-79.390843176
-79.390843176
-79.390840893
-79.390840893
-79.390840893
-79.39085308
-79.39083861
-79.39083861
-79.39083861
-79.390836328
-79.390834045
-79.390846232
-79.390846232
-79.390846232
-79.390846232
-79.390846232
-79.390846232
-79.390834045
-79.390836328
-79.390826424
-79.390826424
-79.390828706
-79.39081652
-79.39081652
-79.39081652
-79.39081652
-79.390818802
-79.390821085
-79.390821085
-79.390823368
-79.390823368
-79.39082565
-79.39082565
-79.39082565
-79.39084012
-79.390842402
-79.390842402
-79.390856872
-79.390871341
-79.39088581
-79.39088581
-79.39088581
-79.390888093
-79.390890376
-79.390890376
-79.390878189
-79.390878189
-79.390878189
-79.390878189
-79.390878189
-79.390878189
-79.390878189
-79.390878189
-79.390878189
-79.390878189
-79.390878189
-79.390878189
-79.390875906
-79.39086372
-79.390861437
-79.390861437
-79.390861437
-79.390859154
-79.390859154
-79.390859154
-79.390869058
-79.390866776
-79.390864493
-79.390864493
-79.390850024
-79.390847741
-79.390833272
-79.390833272
-79.390830989
-79.39081652
-79.39080205
-79.39080205
-79.390787581
-79.390770829
-79.390756359
-79.390756359
-79.390754077
-79.390739607
-79.390739607
-79.390739607
-79.390737325
-79.390737325
-79.390735042
-79.390735042
-79.390735042
-79.390732759
-79.390732759
-79.390732759
-79.390730476
-79.390730476
-79.390728194
-79.390728194
-79.390716007
-79.390713724
-79.390713724
-79.390713724
-79.390713724
-79.390713724
-79.390701538
-79.390701538
-79.390701538
-79.390701538
-79.390701538
-79.390701538
-79.390701538
-79.39070382
-79.39070382
-79.39070382
-79.390706103
-79.390708386
-79.390710669
-79.390710669
-79.390712951
-79.390712951
-79.390703047
-79.390703047
-79.390703047
-79.39070533
-79.390693143
-79.390693143
-79.390693143
-79.390693143
-79.390693143
-79.390693143
-79.39070533
-79.390717517
-79.390731986
-79.390731986
-79.390731986
-79.390731986
-79.390731986
-79.390731986
-79.390731986
-79.390731986
-79.390719799
-79.390719799
-79.39070533
-79.39070533
-79.390678674
-79.390678674
-79.390676391
-79.390649735
-79.390632983
-79.390632983
-79.390618514
-79.390601761
-79.390587292
-79.390587292
-79.39057054
-79.390568257
-79.390553788
-79.390553788
-79.390541601
-79.390539318
-79.390539318
-79.390539318
-79.390539318
-79.390539318
-79.390541601
-79.390541601
-79.390541601
-79.390543884
-79.390558353
-79.390558353
-79.39057054
-79.390585009
-79.390599479
-79.390599479
-79.390613948
-79.390626135
-79.390640604
-79.390640604
-79.39066726
-79.390679447
-79.390706103
-79.390706103
-79.390720572
-79.390722855
-79.390735042
-79.390735042
-79.390749511
-79.390751794
-79.390766263
-79.390766263
-79.390780733
-79.390792919
-79.390807389
-79.390807389
-79.390807389
-79.390809672
-79.390809672
-79.390809672
-79.390809672
-79.390809672
-79.390821858
-79.390821858
-79.390821858
-79.390824141
-79.390836328
-79.390836328
-79.390850797
-79.390850797
-79.390850797
-79.390850797
-79.390850797
-79.390850797
-79.390850797
-79.390850797
-79.390862984
-79.390776167
-79.390776167
-79.390776167
-79.390788354
-79.390788354
-79.390788354
-79.390776167
-79.390776167
-79.390776167
-79.390776167
-79.390761698
-79.390761698
-79.390749511
-79.390749511
-79.390749511
-79.390749511
-79.390749511
-79.390749511
-79.390747229
-79.390759415
-79.390771602
-79.390771602
-79.390795975
-79.390808162
-79.390822631
-79.390822631
-79.390847005
-79.390861474
-79.39088813
-79.39088813
-79.390890413
-79.390904882
-79.390919352
-79.390919352
-79.390919352
-79.390921634
-79.390921634
-79.390921634
-79.390921634
-79.390909448
-79.390909448
-79.390909448
-79.390897261
-79.390897261
-79.390894978
-79.390894978
-79.390882792
-79.390880509
-79.390880509
-79.390880509
-79.390880509
-79.390878226
-79.390878226
-79.390878226
-79.390878226
-79.39088813
-79.39088813
-79.39088813
-79.39088813
-79.39088813
-79.39088813
-79.39088813
-79.390900317
-79.390900317
-79.390910221
-79.390910221
-79.390898034
-79.390895752
-79.390895752
-79.390895752
-79.390881282
-79.390881282
-79.390878999
-79.390878999
-79.390878999
-79.390876717
-79.390862247
-79.390862247
-79.390859965
-79.390859965
-79.390857682
-79.390857682
-79.390857682
-79.390869869
-79.39069237
-79.390679411
-79.390409022
-79.390505742
-79.390505742
-79.390550696
-79.390340468
-79.390610856
-79.390610856
-79.390626099
-79.390389987
-79.390747965
-79.390747965
-79.390813464
-79.391192024
-79.390613912
-79.390613912
-79.39024754
-79.390135578
-79.390423491
-79.390423491
-79.390914013
-79.390587256
-79.390892696
-79.39086604
-79.39086604
-79.39085157
-79.390839383
-79.390829479
-79.390829479
-79.390829479
-79.390829479
-79.390831762
-79.390831762
-79.390843949
start here
start here
start here
